
3270 1320 
3270 1610
2820 1610
2820 1320 
3270 1320 

3670 2010 
3670 1440
4190 1440
4190 2010
3670 2010

4775 3700 
4595 3525
4595 3350
4775 3175
4945 3175
5120 3350
5120 3525
4945 3700
4775 3700

3410 3675 
3410 3115 
3970 3115 
3970 3675 
3410 3675

3010 4860 
3460 4860
3460 5150
3010 5150
3010 4860

3860 4860 
4170 4860
4170 5420
3860 5420 
3860 4860

2560 -1000
2561 -1000
2561 8000
2560 8000
2560 -1000

5120 -1000
5121 -1000
5121 8000
5120 8000
5120 -1000

